5
8
16
50285
11944
0
2
16
64373
1278
3
7
16
9764
2183
0
0
32
8201
13252
5
4
2
53155
3365
3
16
16
25464
7877
4
6
1
35603
8292
4
15
2
64252
15548
3
6
8
67715
2780
1
14
1
18757
9358
2
9
2
65850
4156
2
5
64
8838
9272
5
14
4
10542
1109
2
17
2
11122
11287
3
6
2
55411
15778
0
17
4
36518
11771
5
19
32
51903
10708
0
12
32
51354
15067
3
14
8
30787
13303
1
0
8
15597
7633
4
8
4
7727
11405
3
4
4
63968
13580
4
11
16
49353
4197
2
18
1
44674
3735
2
20
2
15355
15582
0
0
2
15291
12800
0
1
64
29807
10433
4
14
64
22257
1417
1
12
2
65989
472
1
2
4
29147
15946
3
11
1
47401
182
2
17
2
6561
5329
1
2
8
9334
12518
0
19
4
59358
16248
1
1
64
25082
13757
0
9
1
64974
5116
2
18
1
59740
6612
3
5
16
64649
5455
0
1
16
26432
15221
1
19
4
61758
6571
2
13
32
1828
13597
1
15
2
21646
15863
3
0
2
37667
7682
0
0
16
9838
5309
3
1
32
43498
1095
4
19
8
42154
5652
1
20
64
37228
13965
4
16
64
24196
9407
5
4
4
5070
852
1
14
64
4818
5683
5
2
2
45395
2085
5
18
64
29962
5343
2
10
16
60801
12807
3
14
32
27357
10622
2
18
2
67841
13089
4
15
4
57598
8889
5
3
4
64802
3946
5
4
8
49760
1536
3
10
2
68865
9604
2
17
64
70969
15607
0
19
8
20767
10793
3
11
32
3830
11119
5
11
8
42250
7971
1
5
8
793
838
2
11
2
3326
4503
0
18
8
26958
14010
1
8
2
49978
13156
4
5
64
53569
4634
4
3
32
19854
7187
1
3
2
26355
10245
0
9
2
18162
3044
1
9
64
9795
15319
3
2
64
51452
158
3
17
1
14324
9866
3
8
4
44056
10649
4
0
32
63084
4602
2
3
32
72034
4020
0
0
8
58819
1285
2
19
8
12870
15110
3
4
16
54757
8641
2
17
32
17777
3310
2
11
8
31898
5287
0
2
1
33736
13488
2
5
2
56707
5939
5
3
4
39919
8894
4
18
1
672
7522
1
15
1
68419
5495
0
10
64
4773
2583
0
13
8
35278
14974
4
13
4
21396
1089
5
12
4
42103
15406
5
5
2
50404
10141
0
14
4
45480
14036
0
8
8
458
11144
5
13
16
44740
9941
5
3
2
32471
11051
3
13
2
42578
9377
3
0
64
53842
4123
2
14
32
44399
2118
1
6
64
27076
9926