10000
0
5
5
5
10
5
15
5
20
5
25
5
30
5
35
5
40
5
45
5
50
5
55
5
60
5
65
5
70
5
75
5
80
5
85
5
90
5
95
5
100
5
105
5
110
5
115
5
120
5
125
5
130
5
135
5
140
5
145
5
150
5
155
5
160
5
165
5
170
5
175
5
180
5
185
5
190
5
195
5
200
5
205
5
210
5
215
5
220
5
225
5
230
5
235
5
240
5
245
5
250
5
255
5
260
5
265
5
270
5
275
5
280
5
285
5
290
5
295
5
300
5
305
5
310
5
315
5
320
5
325
5
330
5
335
5
340
5
345
5
350
5
355
5
360
5
365
5
370
5
375
5
380
5
385
5
390
5
395
5
400
5
405
5
410
5
415
5
420
5
425
5
430
5
435
5
440
5
445
5
450
5
455
5
460
5
465
5
470
5
475
5
480
5
485
5
490
5
495
5
500
5
505
5
510
5
515
5
520
5
525
5
530
5
535
5
540
5
545
5
550
5
555
5
560
5
565
5
570
5
575
5
580
5
585
5
590
5
595
5
600
5
605
5
610
5
615
5
620
5
625
5
630
5
635
5
640
5
645
5
650
5
655
5
660
5
665
5
670
5
675
5
680
5
685
5
690
5
695
5
700
5
705
5
710
5
715
5
720
5
725
5
730
5
735
5
740
5
745
5
750
5
755
5
760
5
765
5
770
5
775
5
780
5
785
5
790
5
795
5
800
5
805
5
810
5
815
5
820
5
825
5
830
5
835
5
840
5
845
5
850
5
855
5
860
5
865
5
870
5
875
5
880
5
885
5
890
5
895
5
900
5
905
5
910
5
915
5
920
5
925
5
930
5
935
5
940
5
945
5
950
5
955
5
960
5
965
5
970
5
975
5
980
5
985
5
990
5
995
5
1000
5
1005
5
1010
5
1015
5
1020
5
1025
5
1030
5
1035
5
1040
5
1045
5
1050
5
1055
5
1060
5
1065
5
1070
5
1075
5
1080
5
1085
5
1090
5
1095
5
1100
5
1105
5
1110
5
1115
5
1120
5
1125
5
1130
5
1135
5
1140
5
1145
5
1150
5
1155
5
1160
5
1165
5
1170
5
1175
5
1180
5
1185
5
1190
5
1195
5
1200
5
1205
5
1210
5
1215
5
1220
5
1225
5
1230
5
1235
5
1240
5
1245
5
1250
5
1255
5
1260
5
1265
5
1270
5
1275
5
1280
5
1285
5
1290
5
1295
5
1300
5
1305
5
1310
5
1315
5
1320
5
1325
5
1330
5
1335
5
1340
5
1345
5
1350
5
1355
5
1360
5
1365
5
1370
5
1375
5
1380
5
1385
5
1390
5
1395
5
1400
5
1405
5
1410
5
1415
5
1420
5
1425
5
1430
5
1435
5
1440
5
1445
5
1450
5
1455
5
1460
5
1465
5
1470
5
1475
5
1480
5
1485
5
1490
5
1495
5
1500
5
1505
5
1510
5
1515
5
1520
5
1525
5
1530
5
1535
5
1540
5
1545
5
1550
5
1555
5
1560
5
1565
5
1570
5
1575
5
1580
5
1585
5
1590
5
1595
5
1600
5
1605
5
1610
5
1615
5
1620
5
1625
5
1630
5
1635
5
1640
5
1645
5
1650
5
1655
5
1660
5
1665
5
1670
5
1675
5
1680
5
1685
5
1690
5
1695
5
1700
5
1705
5
1710
5
1715
5
1720
5
1725
5
1730
5
1735
5
1740
5
1745
5
1750
5
1755
5
1760
5
1765
5
1770
5
1775
5
1780
5
1785
5
1790
5
1795
5
1800
5
1805
5
1810
5
1815
5
1820
5
1825
5
1830
5
1835
5
1840
5
1845
5
1850
5
1855
5
1860
5
1865
5
1870
5
1875
5
1880
5
1885
5
1890
5
1895
5
1900
5
1905
5
1910
5
1915
5
1920
5
1925
5
1930
5
1935
5
1940
5
1945
5
1950
5
1955
5
1960
5
1965
5
1970
5
1975
5
1980
5
1985
5
1990
5
1995
5
2000
5
2005
5
2010
5
2015
5
2020
5
2025
5
2030
5
2035
5
2040
5
2045
5
2050
5
2055
5
2060
5
2065
5
2070
5
2075
5
2080
5
2085
5
2090
5
2095
5
2100
5
2105
5
2110
5
2115
5
2120
5
2125
5
2130
5
2135
5
2140
5
2145
5
2150
5
2155
5
2160
5
2165
5
2170
5
2175
5
2180
5
2185
5
2190
5
2195
5
2200
5
2205
5
2210
5
2215
5
2220
5
2225
5
2230
5
2235
5
2240
5
2245
5
2250
5
2255
5
2260
5
2265
5
2270
5
2275
5
2280
5
2285
5
2290
5
2295
5
2300
5
2305
5
2310
5
2315
5
2320
5
2325
5
2330
5
2335
5
2340
5
2345
5
2350
5
2355
5
2360
5
2365
5
2370
5
2375
5
2380
5
2385
5
2390
5
2395
5
2400
5
2405
5
2410
5
2415
5
2420
5
2425
5
2430
5
2435
5
2440
5
2445
5
2450
5
2455
5
2460
5
2465
5
2470
5
2475
5
2480
5
2485
5
2490
5
2495
5
2500
5
2505
5
2510
5
2515
5
2520
5
2525
5
2530
5
2535
5
2540
5
2545
5
2550
5
2555
5
2560
5
2565
5
2570
5
2575
5
2580
5
2585
5
2590
5
2595
5
2600
5
2605
5
2610
5
2615
5
2620
5
2625
5
2630
5
2635
5
2640
5
2645
5
2650
5
2655
5
2660
5
2665
5
2670
5
2675
5
2680
5
2685
5
2690
5
2695
5
2700
5
2705
5
2710
5
2715
5
2720
5
2725
5
2730
5
2735
5
2740
5
2745
5
2750
5
2755
5
2760
5
2765
5
2770
5
2775
5
2780
5
2785
5
2790
5
2795
5
2800
5
2805
5
2810
5
2815
5
2820
5
2825
5
2830
5
2835
5
2840
5
2845
5
2850
5
2855
5
2860
5
2865
5
2870
5
2875
5
2880
5
2885
5
2890
5
2895
5
2900
5
2905
5
2910
5
2915
5
2920
5
2925
5
2930
5
2935
5
2940
5
2945
5
2950
5
2955
5
2960
5
2965
5
2970
5
2975
5
2980
5
2985
5
2990
5
2995
5
3000
5
3005
5
3010
5
3015
5
3020
5
3025
5
3030
5
3035
5
3040
5
3045
5
3050
5
3055
5
3060
5
3065
5
3070
5
3075
5
3080
5
3085
5
3090
5
3095
5
3100
5
3105
5
3110
5
3115
5
3120
5
3125
5
3130
5
3135
5
3140
5
3145
5
3150
5
3155
5
3160
5
3165
5
3170
5
3175
5
3180
5
3185
5
3190
5
3195
5
3200
5
3205
5
3210
5
3215
5
3220
5
3225
5
3230
5
3235
5
3240
5
3245
5
3250
5
3255
5
3260
5
3265
5
3270
5
3275
5
3280
5
3285
5
3290
5
3295
5
3300
5
3305
5
3310
5
3315
5
3320
5
3325
5
3330
5
3335
5
3340
5
3345
5
3350
5
3355
5
3360
5
3365
5
3370
5
3375
5
3380
5
3385
5
3390
5
3395
5
3400
5
3405
5
3410
5
3415
5
3420
5
3425
5
3430
5
3435
5
3440
5
3445
5
3450
5
3455
5
3460
5
3465
5
3470
5
3475
5
3480
5
3485
5
3490
5
3495
5
3500
5
3505
5
3510
5
3515
5
3520
5
3525
5
3530
5
3535
5
3540
5
3545
5
3550
5
3555
5
3560
5
3565
5
3570
5
3575
5
3580
5
3585
5
3590
5
3595
5
3600
5
3605
5
3610
5
3615
5
3620
5
3625
5
3630
5
3635
5
3640
5
3645
5
3650
5
3655
5
3660
5
3665
5
3670
5
3675
5
3680
5
3685
5
3690
5
3695
5
3700
5
3705
5
3710
5
3715
5
3720
5
3725
5
3730
5
3735
5
3740
5
3745
5
3750
5
3755
5
3760
5
3765
5
3770
5
3775
5
3780
5
3785
5
3790
5
3795
5
3800
5
3805
5
3810
5
3815
5
3820
5
3825
5
3830
5
3835
5
3840
5
3845
5
3850
5
3855
5
3860
5
3865
5
3870
5
3875
5
3880
5
3885
5
3890
5
3895
5
3900
5
3905
5
3910
5
3915
5
3920
5
3925
5
3930
5
3935
5
3940
5
3945
5
3950
5
3955
5
3960
5
3965
5
3970
5
3975
5
3980
5
3985
5
3990
5
3995
5
4000
5
4005
5
4010
5
4015
5
4020
5
4025
5
4030
5
4035
5
4040
5
4045
5
4050
5
4055
5
4060
5
4065
5
4070
5
4075
5
4080
5
4085
5
4090
5
4095
5
4100
5
4105
5
4110
5
4115
5
4120
5
4125
5
4130
5
4135
5
4140
5
4145
5
4150
5
4155
5
4160
5
4165
5
4170
5
4175
5
4180
5
4185
5
4190
5
4195
5
4200
5
4205
5
4210
5
4215
5
4220
5
4225
5
4230
5
4235
5
4240
5
4245
5
4250
5
4255
5
4260
5
4265
5
4270
5
4275
5
4280
5
4285
5
4290
5
4295
5
4300
5
4305
5
4310
5
4315
5
4320
5
4325
5
4330
5
4335
5
4340
5
4345
5
4350
5
4355
5
4360
5
4365
5
4370
5
4375
5
4380
5
4385
5
4390
5
4395
5
4400
5
4405
5
4410
5
4415
5
4420
5
4425
5
4430
5
4435
5
4440
5
4445
5
4450
5
4455
5
4460
5
4465
5
4470
5
4475
5
4480
5
4485
5
4490
5
4495
5
4500
5
4505
5
4510
5
4515
5
4520
5
4525
5
4530
5
4535
5
4540
5
4545
5
4550
5
4555
5
4560
5
4565
5
4570
5
4575
5
4580
5
4585
5
4590
5
4595
5
4600
5
4605
5
4610
5
4615
5
4620
5
4625
5
4630
5
4635
5
4640
5
4645
5
4650
5
4655
5
4660
5
4665
5
4670
5
4675
5
4680
5
4685
5
4690
5
4695
5
4700
5
4705
5
4710
5
4715
5
4720
5
4725
5
4730
5
4735
5
4740
5
4745
5
4750
5
4755
5
4760
5
4765
5
4770
5
4775
5
4780
5
4785
5
4790
5
4795
5
4800
5
4805
5
4810
5
4815
5
4820
5
4825
5
4830
5
4835
5
4840
5
4845
5
4850
5
4855
5
4860
5
4865
5
4870
5
4875
5
4880
5
4885
5
4890
5
4895
5
4900
5
4905
5
4910
5
4915
5
4920
5
4925
5
4930
5
4935
5
4940
5
4945
5
4950
5
4955
5
4960
5
4965
5
4970
5
4975
5
4980
5
4985
5
4990
5
4995
5
5000
5
5005
5
5010
5
5015
5
5020
5
5025
5
5030
5
5035
5
5040
5
5045
5
5050
5
5055
5
5060
5
5065
5
5070
5
5075
5
5080
5
5085
5
5090
5
5095
5
5100
5
5105
5
5110
5
5115
5
5120
5
5125
5
5130
5
5135
5
5140
5
5145
5
5150
5
5155
5
5160
5
5165
5
5170
5
5175
5
5180
5
5185
5
5190
5
5195
5
5200
5
5205
5
5210
5
5215
5
5220
5
5225
5
5230
5
5235
5
5240
5
5245
5
5250
5
5255
5
5260
5
5265
5
5270
5
5275
5
5280
5
5285
5
5290
5
5295
5
5300
5
5305
5
5310
5
5315
5
5320
5
5325
5
5330
5
5335
5
5340
5
5345
5
5350
5
5355
5
5360
5
5365
5
5370
5
5375
5
5380
5
5385
5
5390
5
5395
5
5400
5
5405
5
5410
5
5415
5
5420
5
5425
5
5430
5
5435
5
5440
5
5445
5
5450
5
5455
5
5460
5
5465
5
5470
5
5475
5
5480
5
5485
5
5490
5
5495
5
5500
5
5505
5
5510
5
5515
5
5520
5
5525
5
5530
5
5535
5
5540
5
5545
5
5550
5
5555
5
5560
5
5565
5
5570
5
5575
5
5580
5
5585
5
5590
5
5595
5
5600
5
5605
5
5610
5
5615
5
5620
5
5625
5
5630
5
5635
5
5640
5
5645
5
5650
5
5655
5
5660
5
5665
5
5670
5
5675
5
5680
5
5685
5
5690
5
5695
5
5700
5
5705
5
5710
5
5715
5
5720
5
5725
5
5730
5
5735
5
5740
5
5745
5
5750
5
5755
5
5760
5
5765
5
5770
5
5775
5
5780
5
5785
5
5790
5
5795
5
5800
5
5805
5
5810
5
5815
5
5820
5
5825
5
5830
5
5835
5
5840
5
5845
5
5850
5
5855
5
5860
5
5865
5
5870
5
5875
5
5880
5
5885
5
5890
5
5895
5
5900
5
5905
5
5910
5
5915
5
5920
5
5925
5
5930
5
5935
5
5940
5
5945
5
5950
5
5955
5
5960
5
5965
5
5970
5
5975
5
5980
5
5985
5
5990
5
5995
5
6000
5
6005
5
6010
5
6015
5
6020
5
6025
5
6030
5
6035
5
6040
5
6045
5
6050
5
6055
5
6060
5
6065
5
6070
5
6075
5
6080
5
6085
5
6090
5
6095
5
6100
5
6105
5
6110
5
6115
5
6120
5
6125
5
6130
5
6135
5
6140
5
6145
5
6150
5
6155
5
6160
5
6165
5
6170
5
6175
5
6180
5
6185
5
6190
5
6195
5
6200
5
6205
5
6210
5
6215
5
6220
5
6225
5
6230
5
6235
5
6240
5
6245
5
6250
5
6255
5
6260
5
6265
5
6270
5
6275
5
6280
5
6285
5
6290
5
6295
5
6300
5
6305
5
6310
5
6315
5
6320
5
6325
5
6330
5
6335
5
6340
5
6345
5
6350
5
6355
5
6360
5
6365
5
6370
5
6375
5
6380
5
6385
5
6390
5
6395
5
6400
5
6405
5
6410
5
6415
5
6420
5
6425
5
6430
5
6435
5
6440
5
6445
5
6450
5
6455
5
6460
5
6465
5
6470
5
6475
5
6480
5
6485
5
6490
5
6495
5
6500
5
6505
5
6510
5
6515
5
6520
5
6525
5
6530
5
6535
5
6540
5
6545
5
6550
5
6555
5
6560
5
6565
5
6570
5
6575
5
6580
5
6585
5
6590
5
6595
5
6600
5
6605
5
6610
5
6615
5
6620
5
6625
5
6630
5
6635
5
6640
5
6645
5
6650
5
6655
5
6660
5
6665
5
6670
5
6675
5
6680
5
6685
5
6690
5
6695
5
6700
5
6705
5
6710
5
6715
5
6720
5
6725
5
6730
5
6735
5
6740
5
6745
5
6750
5
6755
5
6760
5
6765
5
6770
5
6775
5
6780
5
6785
5
6790
5
6795
5
6800
5
6805
5
6810
5
6815
5
6820
5
6825
5
6830
5
6835
5
6840
5
6845
5
6850
5
6855
5
6860
5
6865
5
6870
5
6875
5
6880
5
6885
5
6890
5
6895
5
6900
5
6905
5
6910
5
6915
5
6920
5
6925
5
6930
5
6935
5
6940
5
6945
5
6950
5
6955
5
6960
5
6965
5
6970
5
6975
5
6980
5
6985
5
6990
5
6995
5
7000
5
7005
5
7010
5
7015
5
7020
5
7025
5
7030
5
7035
5
7040
5
7045
5
7050
5
7055
5
7060
5
7065
5
7070
5
7075
5
7080
5
7085
5
7090
5
7095
5
7100
5
7105
5
7110
5
7115
5
7120
5
7125
5
7130
5
7135
5
7140
5
7145
5
7150
5
7155
5
7160
5
7165
5
7170
5
7175
5
7180
5
7185
5
7190
5
7195
5
7200
5
7205
5
7210
5
7215
5
7220
5
7225
5
7230
5
7235
5
7240
5
7245
5
7250
5
7255
5
7260
5
7265
5
7270
5
7275
5
7280
5
7285
5
7290
5
7295
5
7300
5
7305
5
7310
5
7315
5
7320
5
7325
5
7330
5
7335
5
7340
5
7345
5
7350
5
7355
5
7360
5
7365
5
7370
5
7375
5
7380
5
7385
5
7390
5
7395
5
7400
5
7405
5
7410
5
7415
5
7420
5
7425
5
7430
5
7435
5
7440
5
7445
5
7450
5
7455
5
7460
5
7465
5
7470
5
7475
5
7480
5
7485
5
7490
5
7495
5
7500
5
7505
5
7510
5
7515
5
7520
5
7525
5
7530
5
7535
5
7540
5
7545
5
7550
5
7555
5
7560
5
7565
5
7570
5
7575
5
7580
5
7585
5
7590
5
7595
5
7600
5
7605
5
7610
5
7615
5
7620
5
7625
5
7630
5
7635
5
7640
5
7645
5
7650
5
7655
5
7660
5
7665
5
7670
5
7675
5
7680
5
7685
5
7690
5
7695
5
7700
5
7705
5
7710
5
7715
5
7720
5
7725
5
7730
5
7735
5
7740
5
7745
5
7750
5
7755
5
7760
5
7765
5
7770
5
7775
5
7780
5
7785
5
7790
5
7795
5
7800
5
7805
5
7810
5
7815
5
7820
5
7825
5
7830
5
7835
5
7840
5
7845
5
7850
5
7855
5
7860
5
7865
5
7870
5
7875
5
7880
5
7885
5
7890
5
7895
5
7900
5
7905
5
7910
5
7915
5
7920
5
7925
5
7930
5
7935
5
7940
5
7945
5
7950
5
7955
5
7960
5
7965
5
7970
5
7975
5
7980
5
7985
5
7990
5
7995
5
8000
5
8005
5
8010
5
8015
5
8020
5
8025
5
8030
5
8035
5
8040
5
8045
5
8050
5
8055
5
8060
5
8065
5
8070
5
8075
5
8080
5
8085
5
8090
5
8095
5
8100
5
8105
5
8110
5
8115
5
8120
5
8125
5
8130
5
8135
5
8140
5
8145
5
8150
5
8155
5
8160
5
8165
5
8170
5
8175
5
8180
5
8185
5
8190
5
8195
5
8200
5
8205
5
8210
5
8215
5
8220
5
8225
5
8230
5
8235
5
8240
5
8245
5
8250
5
8255
5
8260
5
8265
5
8270
5
8275
5
8280
5
8285
5
8290
5
8295
5
8300
5
8305
5
8310
5
8315
5
8320
5
8325
5
8330
5
8335
5
8340
5
8345
5
8350
5
8355
5
8360
5
8365
5
8370
5
8375
5
8380
5
8385
5
8390
5
8395
5
8400
5
8405
5
8410
5
8415
5
8420
5
8425
5
8430
5
8435
5
8440
5
8445
5
8450
5
8455
5
8460
5
8465
5
8470
5
8475
5
8480
5
8485
5
8490
5
8495
5
8500
5
8505
5
8510
5
8515
5
8520
5
8525
5
8530
5
8535
5
8540
5
8545
5
8550
5
8555
5
8560
5
8565
5
8570
5
8575
5
8580
5
8585
5
8590
5
8595
5
8600
5
8605
5
8610
5
8615
5
8620
5
8625
5
8630
5
8635
5
8640
5
8645
5
8650
5
8655
5
8660
5
8665
5
8670
5
8675
5
8680
5
8685
5
8690
5
8695
5
8700
5
8705
5
8710
5
8715
5
8720
5
8725
5
8730
5
8735
5
8740
5
8745
5
8750
5
8755
5
8760
5
8765
5
8770
5
8775
5
8780
5
8785
5
8790
5
8795
5
8800
5
8805
5
8810
5
8815
5
8820
5
8825
5
8830
5
8835
5
8840
5
8845
5
8850
5
8855
5
8860
5
8865
5
8870
5
8875
5
8880
5
8885
5
8890
5
8895
5
8900
5
8905
5
8910
5
8915
5
8920
5
8925
5
8930
5
8935
5
8940
5
8945
5
8950
5
8955
5
8960
5
8965
5
8970
5
8975
5
8980
5
8985
5
8990
5
8995
5
9000
5
9005
5
9010
5
9015
5
9020
5
9025
5
9030
5
9035
5
9040
5
9045
5
9050
5
9055
5
9060
5
9065
5
9070
5
9075
5
9080
5
9085
5
9090
5
9095
5
9100
5
9105
5
9110
5
9115
5
9120
5
9125
5
9130
5
9135
5
9140
5
9145
5
9150
5
9155
5
9160
5
9165
5
9170
5
9175
5
9180
5
9185
5
9190
5
9195
5
9200
5
9205
5
9210
5
9215
5
9220
5
9225
5
9230
5
9235
5
9240
5
9245
5
9250
5
9255
5
9260
5
9265
5
9270
5
9275
5
9280
5
9285
5
9290
5
9295
5
9300
5
9305
5
9310
5
9315
5
9320
5
9325
5
9330
5
9335
5
9340
5
9345
5
9350
5
9355
5
9360
5
9365
5
9370
5
9375
5
9380
5
9385
5
9390
5
9395
5
9400
5
9405
5
9410
5
9415
5
9420
5
9425
5
9430
5
9435
5
9440
5
9445
5
9450
5
9455
5
9460
5
9465
5
9470
5
9475
5
9480
5
9485
5
9490
5
9495
5
9500
5
9505
5
9510
5
9515
5
9520
5
9525
5
9530
5
9535
5
9540
5
9545
5
9550
5
9555
5
9560
5
9565
5
9570
5
9575
5
9580
5
9585
5
9590
5
9595
5
9600
5
9605
5
9610
5
9615
5
9620
5
9625
5
9630
5
9635
5
9640
5
9645
5
9650
5
9655
5
9660
5
9665
5
9670
5
9675
5
9680
5
9685
5
9690
5
9695
5
9700
5
9705
5
9710
5
9715
5
9720
5
9725
5
9730
5
9735
5
9740
5
9745
5
9750
5
9755
5
9760
5
9765
5
9770
5
9775
5
9780
5
9785
5
9790
5
9795
5
9800
5
9805
5
9810
5
9815
5
9820
5
9825
5
9830
5
9835
5
9840
5
9845
5
9850
5
9855
5
9860
5
9865
5
9870
5
9875
5
9880
5
9885
5
9890
5
9895
5
9900
5
9905
5
9910
5
9915
5
9920
5
9925
5
9930
5
9935
5
9940
5
9945
5
9950
5
9955
5
9960
5
9965
5
9970
5
9975
5
9980
5
9985
5
9990
5
9995
5
