10000
0
6
6
6
12
6
18
6
24
6
30
6
36
6
42
6
48
6
54
6
60
6
66
6
72
6
78
6
84
6
90
6
96
6
102
6
108
6
114
6
120
6
126
6
132
6
138
6
144
6
150
6
156
6
162
6
168
6
174
6
180
6
186
6
192
6
198
6
204
6
210
6
216
6
222
6
228
6
234
6
240
6
246
6
252
6
258
6
264
6
270
6
276
6
282
6
288
6
294
6
300
6
306
6
312
6
318
6
324
6
330
6
336
6
342
6
348
6
354
6
360
6
366
6
372
6
378
6
384
6
390
6
396
6
402
6
408
6
414
6
420
6
426
6
432
6
438
6
444
6
450
6
456
6
462
6
468
6
474
6
480
6
486
6
492
6
498
6
504
6
510
6
516
6
522
6
528
6
534
6
540
6
546
6
552
6
558
6
564
6
570
6
576
6
582
6
588
6
594
6
600
6
606
6
612
6
618
6
624
6
630
6
636
6
642
6
648
6
654
6
660
6
666
6
672
6
678
6
684
6
690
6
696
6
702
6
708
6
714
6
720
6
726
6
732
6
738
6
744
6
750
6
756
6
762
6
768
6
774
6
780
6
786
6
792
6
798
6
804
6
810
6
816
6
822
6
828
6
834
6
840
6
846
6
852
6
858
6
864
6
870
6
876
6
882
6
888
6
894
6
900
6
906
6
912
6
918
6
924
6
930
6
936
6
942
6
948
6
954
6
960
6
966
6
972
6
978
6
984
6
990
6
996
6
1002
6
1008
6
1014
6
1020
6
1026
6
1032
6
1038
6
1044
6
1050
6
1056
6
1062
6
1068
6
1074
6
1080
6
1086
6
1092
6
1098
6
1104
6
1110
6
1116
6
1122
6
1128
6
1134
6
1140
6
1146
6
1152
6
1158
6
1164
6
1170
6
1176
6
1182
6
1188
6
1194
6
1200
6
1206
6
1212
6
1218
6
1224
6
1230
6
1236
6
1242
6
1248
6
1254
6
1260
6
1266
6
1272
6
1278
6
1284
6
1290
6
1296
6
1302
6
1308
6
1314
6
1320
6
1326
6
1332
6
1338
6
1344
6
1350
6
1356
6
1362
6
1368
6
1374
6
1380
6
1386
6
1392
6
1398
6
1404
6
1410
6
1416
6
1422
6
1428
6
1434
6
1440
6
1446
6
1452
6
1458
6
1464
6
1470
6
1476
6
1482
6
1488
6
1494
6
1500
6
1506
6
1512
6
1518
6
1524
6
1530
6
1536
6
1542
6
1548
6
1554
6
1560
6
1566
6
1572
6
1578
6
1584
6
1590
6
1596
6
1602
6
1608
6
1614
6
1620
6
1626
6
1632
6
1638
6
1644
6
1650
6
1656
6
1662
6
1668
6
1674
6
1680
6
1686
6
1692
6
1698
6
1704
6
1710
6
1716
6
1722
6
1728
6
1734
6
1740
6
1746
6
1752
6
1758
6
1764
6
1770
6
1776
6
1782
6
1788
6
1794
6
1800
6
1806
6
1812
6
1818
6
1824
6
1830
6
1836
6
1842
6
1848
6
1854
6
1860
6
1866
6
1872
6
1878
6
1884
6
1890
6
1896
6
1902
6
1908
6
1914
6
1920
6
1926
6
1932
6
1938
6
1944
6
1950
6
1956
6
1962
6
1968
6
1974
6
1980
6
1986
6
1992
6
1998
6
2004
6
2010
6
2016
6
2022
6
2028
6
2034
6
2040
6
2046
6
2052
6
2058
6
2064
6
2070
6
2076
6
2082
6
2088
6
2094
6
2100
6
2106
6
2112
6
2118
6
2124
6
2130
6
2136
6
2142
6
2148
6
2154
6
2160
6
2166
6
2172
6
2178
6
2184
6
2190
6
2196
6
2202
6
2208
6
2214
6
2220
6
2226
6
2232
6
2238
6
2244
6
2250
6
2256
6
2262
6
2268
6
2274
6
2280
6
2286
6
2292
6
2298
6
2304
6
2310
6
2316
6
2322
6
2328
6
2334
6
2340
6
2346
6
2352
6
2358
6
2364
6
2370
6
2376
6
2382
6
2388
6
2394
6
2400
6
2406
6
2412
6
2418
6
2424
6
2430
6
2436
6
2442
6
2448
6
2454
6
2460
6
2466
6
2472
6
2478
6
2484
6
2490
6
2496
6
2502
6
2508
6
2514
6
2520
6
2526
6
2532
6
2538
6
2544
6
2550
6
2556
6
2562
6
2568
6
2574
6
2580
6
2586
6
2592
6
2598
6
2604
6
2610
6
2616
6
2622
6
2628
6
2634
6
2640
6
2646
6
2652
6
2658
6
2664
6
2670
6
2676
6
2682
6
2688
6
2694
6
2700
6
2706
6
2712
6
2718
6
2724
6
2730
6
2736
6
2742
6
2748
6
2754
6
2760
6
2766
6
2772
6
2778
6
2784
6
2790
6
2796
6
2802
6
2808
6
2814
6
2820
6
2826
6
2832
6
2838
6
2844
6
2850
6
2856
6
2862
6
2868
6
2874
6
2880
6
2886
6
2892
6
2898
6
2904
6
2910
6
2916
6
2922
6
2928
6
2934
6
2940
6
2946
6
2952
6
2958
6
2964
6
2970
6
2976
6
2982
6
2988
6
2994
6
3000
6
3006
6
3012
6
3018
6
3024
6
3030
6
3036
6
3042
6
3048
6
3054
6
3060
6
3066
6
3072
6
3078
6
3084
6
3090
6
3096
6
3102
6
3108
6
3114
6
3120
6
3126
6
3132
6
3138
6
3144
6
3150
6
3156
6
3162
6
3168
6
3174
6
3180
6
3186
6
3192
6
3198
6
3204
6
3210
6
3216
6
3222
6
3228
6
3234
6
3240
6
3246
6
3252
6
3258
6
3264
6
3270
6
3276
6
3282
6
3288
6
3294
6
3300
6
3306
6
3312
6
3318
6
3324
6
3330
6
3336
6
3342
6
3348
6
3354
6
3360
6
3366
6
3372
6
3378
6
3384
6
3390
6
3396
6
3402
6
3408
6
3414
6
3420
6
3426
6
3432
6
3438
6
3444
6
3450
6
3456
6
3462
6
3468
6
3474
6
3480
6
3486
6
3492
6
3498
6
3504
6
3510
6
3516
6
3522
6
3528
6
3534
6
3540
6
3546
6
3552
6
3558
6
3564
6
3570
6
3576
6
3582
6
3588
6
3594
6
3600
6
3606
6
3612
6
3618
6
3624
6
3630
6
3636
6
3642
6
3648
6
3654
6
3660
6
3666
6
3672
6
3678
6
3684
6
3690
6
3696
6
3702
6
3708
6
3714
6
3720
6
3726
6
3732
6
3738
6
3744
6
3750
6
3756
6
3762
6
3768
6
3774
6
3780
6
3786
6
3792
6
3798
6
3804
6
3810
6
3816
6
3822
6
3828
6
3834
6
3840
6
3846
6
3852
6
3858
6
3864
6
3870
6
3876
6
3882
6
3888
6
3894
6
3900
6
3906
6
3912
6
3918
6
3924
6
3930
6
3936
6
3942
6
3948
6
3954
6
3960
6
3966
6
3972
6
3978
6
3984
6
3990
6
3996
6
4002
6
4008
6
4014
6
4020
6
4026
6
4032
6
4038
6
4044
6
4050
6
4056
6
4062
6
4068
6
4074
6
4080
6
4086
6
4092
6
4098
6
4104
6
4110
6
4116
6
4122
6
4128
6
4134
6
4140
6
4146
6
4152
6
4158
6
4164
6
4170
6
4176
6
4182
6
4188
6
4194
6
4200
6
4206
6
4212
6
4218
6
4224
6
4230
6
4236
6
4242
6
4248
6
4254
6
4260
6
4266
6
4272
6
4278
6
4284
6
4290
6
4296
6
4302
6
4308
6
4314
6
4320
6
4326
6
4332
6
4338
6
4344
6
4350
6
4356
6
4362
6
4368
6
4374
6
4380
6
4386
6
4392
6
4398
6
4404
6
4410
6
4416
6
4422
6
4428
6
4434
6
4440
6
4446
6
4452
6
4458
6
4464
6
4470
6
4476
6
4482
6
4488
6
4494
6
4500
6
4506
6
4512
6
4518
6
4524
6
4530
6
4536
6
4542
6
4548
6
4554
6
4560
6
4566
6
4572
6
4578
6
4584
6
4590
6
4596
6
4602
6
4608
6
4614
6
4620
6
4626
6
4632
6
4638
6
4644
6
4650
6
4656
6
4662
6
4668
6
4674
6
4680
6
4686
6
4692
6
4698
6
4704
6
4710
6
4716
6
4722
6
4728
6
4734
6
4740
6
4746
6
4752
6
4758
6
4764
6
4770
6
4776
6
4782
6
4788
6
4794
6
4800
6
4806
6
4812
6
4818
6
4824
6
4830
6
4836
6
4842
6
4848
6
4854
6
4860
6
4866
6
4872
6
4878
6
4884
6
4890
6
4896
6
4902
6
4908
6
4914
6
4920
6
4926
6
4932
6
4938
6
4944
6
4950
6
4956
6
4962
6
4968
6
4974
6
4980
6
4986
6
4992
6
4998
6
5004
6
5010
6
5016
6
5022
6
5028
6
5034
6
5040
6
5046
6
5052
6
5058
6
5064
6
5070
6
5076
6
5082
6
5088
6
5094
6
5100
6
5106
6
5112
6
5118
6
5124
6
5130
6
5136
6
5142
6
5148
6
5154
6
5160
6
5166
6
5172
6
5178
6
5184
6
5190
6
5196
6
5202
6
5208
6
5214
6
5220
6
5226
6
5232
6
5238
6
5244
6
5250
6
5256
6
5262
6
5268
6
5274
6
5280
6
5286
6
5292
6
5298
6
5304
6
5310
6
5316
6
5322
6
5328
6
5334
6
5340
6
5346
6
5352
6
5358
6
5364
6
5370
6
5376
6
5382
6
5388
6
5394
6
5400
6
5406
6
5412
6
5418
6
5424
6
5430
6
5436
6
5442
6
5448
6
5454
6
5460
6
5466
6
5472
6
5478
6
5484
6
5490
6
5496
6
5502
6
5508
6
5514
6
5520
6
5526
6
5532
6
5538
6
5544
6
5550
6
5556
6
5562
6
5568
6
5574
6
5580
6
5586
6
5592
6
5598
6
5604
6
5610
6
5616
6
5622
6
5628
6
5634
6
5640
6
5646
6
5652
6
5658
6
5664
6
5670
6
5676
6
5682
6
5688
6
5694
6
5700
6
5706
6
5712
6
5718
6
5724
6
5730
6
5736
6
5742
6
5748
6
5754
6
5760
6
5766
6
5772
6
5778
6
5784
6
5790
6
5796
6
5802
6
5808
6
5814
6
5820
6
5826
6
5832
6
5838
6
5844
6
5850
6
5856
6
5862
6
5868
6
5874
6
5880
6
5886
6
5892
6
5898
6
5904
6
5910
6
5916
6
5922
6
5928
6
5934
6
5940
6
5946
6
5952
6
5958
6
5964
6
5970
6
5976
6
5982
6
5988
6
5994
6
6000
6
6006
6
6012
6
6018
6
6024
6
6030
6
6036
6
6042
6
6048
6
6054
6
6060
6
6066
6
6072
6
6078
6
6084
6
6090
6
6096
6
6102
6
6108
6
6114
6
6120
6
6126
6
6132
6
6138
6
6144
6
6150
6
6156
6
6162
6
6168
6
6174
6
6180
6
6186
6
6192
6
6198
6
6204
6
6210
6
6216
6
6222
6
6228
6
6234
6
6240
6
6246
6
6252
6
6258
6
6264
6
6270
6
6276
6
6282
6
6288
6
6294
6
6300
6
6306
6
6312
6
6318
6
6324
6
6330
6
6336
6
6342
6
6348
6
6354
6
6360
6
6366
6
6372
6
6378
6
6384
6
6390
6
6396
6
6402
6
6408
6
6414
6
6420
6
6426
6
6432
6
6438
6
6444
6
6450
6
6456
6
6462
6
6468
6
6474
6
6480
6
6486
6
6492
6
6498
6
6504
6
6510
6
6516
6
6522
6
6528
6
6534
6
6540
6
6546
6
6552
6
6558
6
6564
6
6570
6
6576
6
6582
6
6588
6
6594
6
6600
6
6606
6
6612
6
6618
6
6624
6
6630
6
6636
6
6642
6
6648
6
6654
6
6660
6
6666
6
6672
6
6678
6
6684
6
6690
6
6696
6
6702
6
6708
6
6714
6
6720
6
6726
6
6732
6
6738
6
6744
6
6750
6
6756
6
6762
6
6768
6
6774
6
6780
6
6786
6
6792
6
6798
6
6804
6
6810
6
6816
6
6822
6
6828
6
6834
6
6840
6
6846
6
6852
6
6858
6
6864
6
6870
6
6876
6
6882
6
6888
6
6894
6
6900
6
6906
6
6912
6
6918
6
6924
6
6930
6
6936
6
6942
6
6948
6
6954
6
6960
6
6966
6
6972
6
6978
6
6984
6
6990
6
6996
6
7002
6
7008
6
7014
6
7020
6
7026
6
7032
6
7038
6
7044
6
7050
6
7056
6
7062
6
7068
6
7074
6
7080
6
7086
6
7092
6
7098
6
7104
6
7110
6
7116
6
7122
6
7128
6
7134
6
7140
6
7146
6
7152
6
7158
6
7164
6
7170
6
7176
6
7182
6
7188
6
7194
6
7200
6
7206
6
7212
6
7218
6
7224
6
7230
6
7236
6
7242
6
7248
6
7254
6
7260
6
7266
6
7272
6
7278
6
7284
6
7290
6
7296
6
7302
6
7308
6
7314
6
7320
6
7326
6
7332
6
7338
6
7344
6
7350
6
7356
6
7362
6
7368
6
7374
6
7380
6
7386
6
7392
6
7398
6
7404
6
7410
6
7416
6
7422
6
7428
6
7434
6
7440
6
7446
6
7452
6
7458
6
7464
6
7470
6
7476
6
7482
6
7488
6
7494
6
7500
6
7506
6
7512
6
7518
6
7524
6
7530
6
7536
6
7542
6
7548
6
7554
6
7560
6
7566
6
7572
6
7578
6
7584
6
7590
6
7596
6
7602
6
7608
6
7614
6
7620
6
7626
6
7632
6
7638
6
7644
6
7650
6
7656
6
7662
6
7668
6
7674
6
7680
6
7686
6
7692
6
7698
6
7704
6
7710
6
7716
6
7722
6
7728
6
7734
6
7740
6
7746
6
7752
6
7758
6
7764
6
7770
6
7776
6
7782
6
7788
6
7794
6
7800
6
7806
6
7812
6
7818
6
7824
6
7830
6
7836
6
7842
6
7848
6
7854
6
7860
6
7866
6
7872
6
7878
6
7884
6
7890
6
7896
6
7902
6
7908
6
7914
6
7920
6
7926
6
7932
6
7938
6
7944
6
7950
6
7956
6
7962
6
7968
6
7974
6
7980
6
7986
6
7992
6
7998
6
8004
6
8010
6
8016
6
8022
6
8028
6
8034
6
8040
6
8046
6
8052
6
8058
6
8064
6
8070
6
8076
6
8082
6
8088
6
8094
6
8100
6
8106
6
8112
6
8118
6
8124
6
8130
6
8136
6
8142
6
8148
6
8154
6
8160
6
8166
6
8172
6
8178
6
8184
6
8190
6
8196
6
8202
6
8208
6
8214
6
8220
6
8226
6
8232
6
8238
6
8244
6
8250
6
8256
6
8262
6
8268
6
8274
6
8280
6
8286
6
8292
6
8298
6
8304
6
8310
6
8316
6
8322
6
8328
6
8334
6
8340
6
8346
6
8352
6
8358
6
8364
6
8370
6
8376
6
8382
6
8388
6
8394
6
8400
6
8406
6
8412
6
8418
6
8424
6
8430
6
8436
6
8442
6
8448
6
8454
6
8460
6
8466
6
8472
6
8478
6
8484
6
8490
6
8496
6
8502
6
8508
6
8514
6
8520
6
8526
6
8532
6
8538
6
8544
6
8550
6
8556
6
8562
6
8568
6
8574
6
8580
6
8586
6
8592
6
8598
6
8604
6
8610
6
8616
6
8622
6
8628
6
8634
6
8640
6
8646
6
8652
6
8658
6
8664
6
8670
6
8676
6
8682
6
8688
6
8694
6
8700
6
8706
6
8712
6
8718
6
8724
6
8730
6
8736
6
8742
6
8748
6
8754
6
8760
6
8766
6
8772
6
8778
6
8784
6
8790
6
8796
6
8802
6
8808
6
8814
6
8820
6
8826
6
8832
6
8838
6
8844
6
8850
6
8856
6
8862
6
8868
6
8874
6
8880
6
8886
6
8892
6
8898
6
8904
6
8910
6
8916
6
8922
6
8928
6
8934
6
8940
6
8946
6
8952
6
8958
6
8964
6
8970
6
8976
6
8982
6
8988
6
8994
6
9000
6
9006
6
9012
6
9018
6
9024
6
9030
6
9036
6
9042
6
9048
6
9054
6
9060
6
9066
6
9072
6
9078
6
9084
6
9090
6
9096
6
9102
6
9108
6
9114
6
9120
6
9126
6
9132
6
9138
6
9144
6
9150
6
9156
6
9162
6
9168
6
9174
6
9180
6
9186
6
9192
6
9198
6
9204
6
9210
6
9216
6
9222
6
9228
6
9234
6
9240
6
9246
6
9252
6
9258
6
9264
6
9270
6
9276
6
9282
6
9288
6
9294
6
9300
6
9306
6
9312
6
9318
6
9324
6
9330
6
9336
6
9342
6
9348
6
9354
6
9360
6
9366
6
9372
6
9378
6
9384
6
9390
6
9396
6
9402
6
9408
6
9414
6
9420
6
9426
6
9432
6
9438
6
9444
6
9450
6
9456
6
9462
6
9468
6
9474
6
9480
6
9486
6
9492
6
9498
6
9504
6
9510
6
9516
6
9522
6
9528
6
9534
6
9540
6
9546
6
9552
6
9558
6
9564
6
9570
6
9576
6
9582
6
9588
6
9594
6
9600
6
9606
6
9612
6
9618
6
9624
6
9630
6
9636
6
9642
6
9648
6
9654
6
9660
6
9666
6
9672
6
9678
6
9684
6
9690
6
9696
6
9702
6
9708
6
9714
6
9720
6
9726
6
9732
6
9738
6
9744
6
9750
6
9756
6
9762
6
9768
6
9774
6
9780
6
9786
6
9792
6
9798
6
9804
6
9810
6
9816
6
9822
6
9828
6
9834
6
9840
6
9846
6
9852
6
9858
6
9864
6
9870
6
9876
6
9882
6
9888
6
9894
6
9900
6
9906
6
9912
6
9918
6
9924
6
9930
6
9936
6
9942
6
9948
6
9954
6
9960
6
9966
6
9972
6
9978
6
9984
6
9990
6
9996
6
