28639 21173 7968 2184 6146 8048 23747 2659 28524 23175 
24258 1250 12221 30313 12249 29089 24243 18990 20949 30218 
19358 26934 18086 6173 276 7693 12214 12397 32485 3218 
30585 15723 20561 16217 14662 31719 21113 9293 23397 26836 
16148 15514 3945 4172 20323 970 11455 19924 2919 21037 
6536 25056 6481 15999 13732 154 8506 17093 31759 15839 
6420 10360 20081 31370 3297 32741 7920 14070 14115 9940 
27721 28350 32147 8808 17439 25031 9749 20550 16275 28289 
22508 13049 11796 24937 15658 23958 25208 24019 22635 17051 
22092 17382 25283 27165 5993 14312 17909 21283 13256 11964 
